Script started on Thu 28 Sep 2017 01:38:37 PM EDT
wryder@pu1:~/cs2401/labs/lab5$ g++ main.cc
wryder@pu1:~/cs2401/labs/lab5$ ./a.out
Please enter the name of your number file.
larger.a dat
I'm melting!!!
( 16839,283551921 ) ( 5759,33166081 ) ( 10114,102292996 ) ( 17516,306810256 ) ( 31052,964226704 ) ( 5628,31674384 ) ( 23011,529506121 ) ( 7420,55056400 ) ( 16213,262861369 ) ( 4087,16703569 ) ( 2750,7562500 ) ( 12768,163021824 ) ( 9085,82537225 ) ( 12061,145467721 ) ( 32226,1038515076 ) ( 17544,307791936 ) ( 25090,629508100 ) ( 21184,448761856 ) ( 25138,631919044 ) ( 25567,653671489 ) ( 26967,727219089 ) ( 4979,24790441 ) ( 20496,420086016 ) ( 10312,106337344 ) ( 11368,129231424 ) ( 30055,903303025 ) ( 17032,290089024 ) ( 13146,172817316 ) ( 19883,395333689 ) ( 25737,662393169 ) ( 30525,931775625 ) ( 28506,812592036 ) ( 28395,806276025 ) ( 22103,488542609 ) ( 24852,617621904 ) ( 19068,363588624 ) ( 12755,162690025 ) ( 11654,135815716 ) ( 6562,43059844 ) ( 27097,734247409 ) ( 13629,185749641 ) ( 15189,230705721 ) ( 32086,1029511396 ) ( 4144,17172736 ) ( 6968,48553024 ) ( 31407,986399649 ) ( 24166,583995556 ) ( 13404,179667216 ) ( 25563,653466969 ) ( 24835,616777225 ) ( 31354,983073316 ) ( 921,848241 ) ( 10445,109098025 ) ( 24804,615238416 ) ( 7963,63409369 ) ( 19319,373223761 ) ( 1423,2024929 ) ( 31328,981443584 ) ( 10458,109369764 ) ( 1946,3786916 ) ( 14480,209670400 ) ( 29984,899040256 ) ( 18752,351637504 ) ( 3895,15171025 ) ( 18671,348606241 ) ( 8260,68227600 ) ( 16249,264030001 ) ( 7758,60186564 ) ( 15630,244296900 ) ( 13307,177076249 ) ( 28607,818360449 ) ( 13991,195748081 ) ( 11739,137804121 ) ( 12517,156675289 ) ( 1415,2002225 ) ( 5263,27699169 ) ( 17117,292991689 ) ( 22826,521026276 ) ( 3182,10125124 ) ( 13135,172528225 ) ( 25344,642318336 ) ( 8023,64368529 ) ( 11234,126202756 ) ( 7537,56806369 ) ( 9761,95277121 ) ( 9980,99600400 ) ( 29072,845181184 ) ( 1202,1444804 ) ( 21337,455267569 ) ( 13062,170615844 ) ( 22161,491109921 ) ( 24006,576288036 ) ( 30730,944332900 ) ( 7645,58446025 ) ( 27476,754930576 ) ( 31694,1004509636 ) ( 25515,651015225 ) 

I'm melting!!!
wryder@pu1:~/cs2401/labs/lab5$ exit
exit

Script done on Thu 28 Sep 2017 01:39:18 PM EDT
